,ID,Test Cases,Results
0,no1,This Testcase Should Be True,pass
1,no2,This Testcase is correct,pass
